8.000000000000000444e-01 4.997663747199257500e+02 4.997657289698396994e+02 -1.460035297682998612e-01 -1.460035297683169586e-01 1.191761345235162195e-02 -1.000000000000000056e-01
8.000000000000000444e-01 6.944196772360680825e+02 6.944190995471843735e+02 -1.331911508177494596e-01 -1.331911508177662795e-01 1.191761345235162195e-02 -1.084745762711864514e-01
8.000000000000000444e-01 9.411673025791210421e+02 9.411656777743761495e+02 -1.224460372203005076e-01 -1.224460372203117070e-01 1.191761345235162195e-02 -1.169491525423728834e-01
8.000000000000000444e-01 1.248580999483226151e+03 1.248578777082492479e+03 -1.133052117986728391e-01 -1.133052117986727836e-01 1.191761345235162195e-02 -1.254237288135593431e-01
8.000000000000000444e-01 1.625886614366775120e+03 1.625886333232640027e+03 -1.054343422528893626e-01 -1.054343422528989799e-01 1.191761345235162195e-02 -1.338983050847457612e-01
8.000000000000000444e-01 2.082964092277573400e+03 2.082961137220225737e+03 -9.858596164650901272e-02 -9.858596164651828309e-02 1.191761345235162195e-02 -1.423728813559322071e-01
8.000000000000000444e-01 2.630347475371452674e+03 2.630342080481904759e+03 -9.257297786428325681e-02 -9.257297786428994590e-02 1.191761345235162195e-02 -1.508474576271186529e-01
8.000000000000000444e-01 3.279224903806315979e+03 3.279216977749519629e+03 -8.725131979916200820e-02 -8.725131979909998836e-02 1.191761345235162195e-02 -1.593220338983050988e-01
8.000000000000000444e-01 4.041438615987913181e+03 4.041433361356384921e+03 -8.250824387408771388e-02 -8.250824387409744221e-02 1.191761345235162195e-02 -1.677966101694915446e-01
8.000000000000000444e-01 4.929484948026351958e+03 4.929480330572291678e+03 -7.825425801119452462e-02 -7.825425801103777501e-02 1.191761345235162195e-02 -1.762711864406779627e-01
8.000000000000000444e-01 5.956514334013208099e+03 5.956505021990660680e+03 -7.441742144161585248e-02 -7.441742144163621120e-02 1.191761345235162195e-02 -1.847457627118644086e-01
8.000000000000000444e-01 7.136331305857011102e+03 7.136323224949670475e+03 -7.093924306714956274e-02 -7.093924306716387074e-02 1.191761345235162195e-02 -1.932203389830508544e-01
8.000000000000000444e-01 8.483394490539123581e+03 8.483388745196698437e+03 -6.777167872430027440e-02 -6.777167872426563544e-02 1.191761345235162195e-02 -2.016949152542373003e-01
8.000000000000000444e-01 1.001281662456427694e+04 1.001280084401268869e+04 -6.487489839357783727e-02 -6.487489839279036996e-02 1.191761345235162195e-02 -2.101694915254237461e-01
8.000000000000000444e-01 1.174036452496415222e+04 1.174033348665048106e+04 -6.221560289337538935e-02 -6.221560289336532101e-02 1.191761345235162195e-02 -2.186440677966101642e-01
8.000000000000000444e-01 1.368245911795112443e+04 1.368242012855347275e+04 -5.976573784425603941e-02 -5.976573784423697133e-02 1.191761345235162195e-02 -2.271186440677966101e-01
8.000000000000000444e-01 1.585617542484980368e+04 1.585615496430234452e+04 -5.750150027020428656e-02 -5.750150027000209413e-02 1.191761345235162195e-02 -2.355932203389830559e-01
8.000000000000000444e-01 1.827924256636510472e+04 1.827924118592955347e+04 -5.540256264612940934e-02 -5.540256264590322222e-02 1.191761345235162195e-02 -2.440677966101695018e-01
8.000000000000000444e-01 2.097004364389204784e+04 2.097001286812638136e+04 -5.345146124611251104e-02 -5.345146124613402855e-02 1.191761345235162195e-02 -2.525423728813559476e-01
8.000000000000000444e-01 2.394761631634394871e+04 2.394756750351141454e+04 -5.163310754084501214e-02 -5.163310754085952137e-02 1.191761345235162195e-02 -2.610169491525423657e-01
8.000000000000000444e-01 2.723165165375370270e+04 2.723161783827566978e+04 -4.993440033794359356e-02 -4.993440033731344485e-02 1.191761345235162195e-02 -2.694915254237287838e-01
8.000000000000000444e-01 3.084249527998708072e+04 3.084244594297686490e+04 -4.834390652700261415e-02 -4.834390652701634622e-02 1.191761345235162195e-02 -2.779661016949152574e-01
8.000000000000000444e-01 3.480114680816460896e+04 3.480105129001371824e+04 -4.685160494751337834e-02 -4.685160494714745577e-02 1.191761345235162195e-02 -2.864406779661017310e-01
8.000000000000000444e-01 3.912925994089333108e+04 3.912920702415012056e+04 -4.544867475330238715e-02 -4.544867475314084276e-02 1.191761345235162195e-02 -2.949152542372881491e-01
8.000000000000000444e-01 4.384914248454484914e+04 4.384913828053206817e+04 -4.412732090433926085e-02 -4.412732090421708775e-02 1.191761345235162195e-02 -3.033898305084745672e-01
8.000000000000000444e-01 4.898375634092639666e+04 4.898367166801930580e+04 -4.288062927135410235e-02 -4.288062927138393265e-02 1.191761345235162195e-02 -3.118644067796609853e-01
8.000000000000000444e-01 5.455671751205109467e+04 5.455655311428903951e+04 -4.170244561232860914e-02 -4.170244561234533881e-02 1.191761345235162195e-02 -3.203389830508474589e-01
8.000000000000000444e-01 6.059229609514054027e+04 6.059225431225102511e+04 -4.058727397456551172e-02 -4.058727397457278369e-02 1.191761345235162195e-02 -3.288135593220339326e-01
8.000000000000000444e-01 6.711541628705356561e+04 6.711537404568288184e+04 -3.953019096651479852e-02 -3.953019096654219328e-02 1.191761345235162195e-02 -3.372881355932203506e-01
8.000000000000000444e-01 7.415165638176190259e+04 7.415145755822389037e+04 -3.852677309122015670e-02 -3.852677309122675559e-02 1.191761345235162195e-02 -3.457627118644067687e-01
8.000000000000000444e-01 8.172724877190854750e+04 8.172720238920740667e+04 -3.757303487031147388e-02 -3.757303487031003753e-02 1.191761345235162195e-02 -3.542372881355931868e-01
8.000000000000000444e-01 8.986907993215930765e+04 8.986905605120981636e+04 -3.666537594454687132e-02 -3.666537594455587801e-02 1.191761345235162195e-02 -3.627118644067797160e-01
8.000000000000000444e-01 9.860469049492212071e+04 9.860452654963018722e+04 -3.580053562274310153e-02 -3.580053562276602069e-02 1.191761345235162195e-02 -3.711864406779661341e-01
8.000000000000000444e-01 1.079622751021261356e+05 1.079621068512069178e+05 -3.497555380498664629e-02 -3.497555380498973410e-02 1.191761345235162195e-02 -3.796610169491525522e-01
8.000000000000000444e-01 1.179706825526662869e+05 1.179703361177039915e+05 -3.418773707100975640e-02 -3.418773707101672304e-02 1.191761345235162195e-02 -3.881355932203389703e-01
8.000000000000000444e-01 1.286594157270489814e+05 1.286590812570219277e+05 -3.343462933594851944e-02 -3.343462933596574177e-02 1.191761345235162195e-02 -3.966101694915253884e-01
8.000000000000000444e-01 1.400586316046774155e+05 1.400585692151579715e+05 -3.271398626660936004e-02 -3.271398626661597975e-02 1.191761345235162195e-02 -4.050847457627119175e-01
8.000000000000000444e-01 1.521991412660621572e+05 1.521987414053399698e+05 -3.202375294230003916e-02 -3.202375294230782460e-02 1.191761345235162195e-02 -4.135593220338983356e-01
8.000000000000000444e-01 1.651124098827562993e+05 1.651119415802466392e+05 -3.136204428782742026e-02 -3.136204428781107917e-02 1.191761345235162195e-02 -4.220338983050847537e-01
8.000000000000000444e-01 1.788305567106151721e+05 1.788303796343179420e+05 -3.072712788170048337e-02 -3.072712788168981135e-02 1.191761345235162195e-02 -4.305084745762711718e-01
8.000000000000000444e-01 1.933863551793909282e+05 1.933863251058910100e+05 -3.011740879545385038e-02 -3.011740879547038577e-02 1.191761345235162195e-02 -4.389830508474575899e-01
8.000000000000000444e-01 2.088132326990531001e+05 2.088131745696011058e+05 -2.953141625032330506e-02 -2.953141624904442875e-02 1.191761345235162195e-02 -4.474576271186441190e-01
8.000000000000000444e-01 2.251452708527924260e+05 2.251449761219176289e+05 -2.896779173772921767e-02 -2.896779173771673113e-02 1.191761345235162195e-02 -4.559322033898305371e-01
8.000000000000000444e-01 2.424172053161205258e+05 2.424171951661375933e+05 -2.842527851997745172e-02 -2.842527851998337407e-02 1.191761345235162195e-02 -4.644067796610169552e-01
8.000000000000000444e-01 2.606644258417874225e+05 2.606637098382645636e+05 -2.790271227681243374e-02 -2.790271227657634828e-02 1.191761345235162195e-02 -4.728813559322033733e-01
8.000000000000000444e-01 2.799229762926259427e+05 2.799221197239144822e+05 -2.739901275980634668e-02 -2.739901275939270187e-02 1.191761345235162195e-02 -4.813559322033897914e-01
8.000000000000000444e-01 3.002295546276415116e+05 3.002292757331139292e+05 -2.691317633974312298e-02 -2.691317633975367010e-02 1.191761345235162195e-02 -4.898305084745763205e-01
8.000000000000000444e-01 3.216215129066660884e+05 3.216206565014635562e+05 -2.644426933263221285e-02 -2.644426933263541862e-02 1.191761345235162195e-02 -4.983050847457627386e-01
8.000000000000000444e-01 3.441368572797063971e+05 3.441362118838946335e+05 -2.599142201060633539e-02 -2.599142201061623719e-02 1.191761345235162195e-02 -5.067796610169491567e-01
8.000000000000000444e-01 3.678142480013909517e+05 3.678136186315190862e+05 -2.555382321724151279e-02 -2.555382321696844303e-02 1.191761345235162195e-02 -5.152542372881355748e-01
8.000000000000000444e-01 3.926929994221492088e+05 3.926921585459989728e+05 -2.513071551927064523e-02 -2.513071551927987396e-02 1.191761345235162195e-02 -5.237288135593219929e-01
8.000000000000000444e-01 4.188130799885625602e+05 4.188117652480343240e+05 -2.472139083133607571e-02 -2.472139083131398574e-02 1.191761345235162195e-02 -5.322033898305085220e-01
8.000000000000000444e-01 4.462151122478000470e+05 4.462144522212781012e+05 -2.432518646122690253e-02 -2.432518646114485705e-02 1.191761345235162195e-02 -5.406779661016949401e-01
8.000000000000000444e-01 4.749403728431970230e+05 4.749402160150308628e+05 -2.394148153003033616e-02 -2.394148153000967560e-02 1.191761345235162195e-02 -5.491525423728813582e-01
8.000000000000000444e-01 5.050307925173931872e+05 5.050293389046083903e+05 -2.356969372534791288e-02 -2.356969372534623020e-02 1.191761345235162195e-02 -5.576271186440677763e-01
8.000000000000000444e-01 5.365289561106769834e+05 5.365275127817043103e+05 -2.320927635267540368e-02 -2.320927635268729000e-02 1.191761345235162195e-02 -5.661016949152541944e-01
8.000000000000000444e-01 5.694781025597346015e+05 5.694764223400583724e+05 -2.285971565320571441e-02 -2.285971565321393700e-02 1.191761345235162195e-02 -5.745762711864407235e-01
8.000000000000000444e-01 6.039221249006391736e+05 6.039218700367057463e+05 -2.252052836018307233e-02 -2.252052836019757462e-02 1.191761345235162195e-02 -5.830508474576271416e-01
8.000000000000000444e-01 6.399055702178541105e+05 6.399045967791142175e+05 -2.219125947173115204e-02 -2.219125947114370181e-02 1.191761345235162195e-02 -5.915254237288135597e-01
8.000000000000000444e-01 6.774736398840628099e+05 6.774715962698545773e+05 -2.187148020587544733e-02 -2.187148020589976816e-02 1.191761345235162195e-02 -5.999999999999999778e-01
9.000000000000000222e-01 9.318455868792584624e+02 9.318390624994582367e+02 -9.339701353416714202e-02 -9.339701353416408891e-02 7.018535262592282345e-03 -1.000000000000000056e-01
9.000000000000000222e-01 1.296087316462956096e+03 1.296082431985293397e+03 -8.565243304897958432e-02 -8.565243304897449117e-02 7.018535262592282345e-03 -1.084745762711864514e-01
9.000000000000000222e-01 1.758075492296712810e+03 1.758070344842715258e+03 -7.909819406769541539e-02 -7.909819406766521732e-02 7.018535262592282345e-03 -1.169491525423728834e-01
9.000000000000000222e-01 2.333926905944143527e+03 2.333920045881542592e+03 -7.347883015223222181e-02 -7.347883015222959890e-02 7.018535262592282345e-03 -1.254237288135593431e-01
9.000000000000000222e-01 3.040990118081460878e+03 3.040969592186088448e+03 -6.860719861348242576e-02 -6.860719861347387705e-02 7.018535262592282345e-03 -1.338983050847457612e-01
9.000000000000000222e-01 3.897845462181169751e+03 3.897826326790988333e+03 -6.434305379327427687e-02 -6.434305379327433239e-02 7.018535262592282345e-03 -1.423728813559322071e-01
9.000000000000000222e-01 4.924305037459518644e+03 4.924276899246595349e+03 -6.057921036871977138e-02 -6.057921036862751879e-02 7.018535262592282345e-03 -1.508474576271186529e-01
9.000000000000000222e-01 6.141412715258933531e+03 6.141391583175974120e+03 -5.723233448925178074e-02 -5.723233448925289790e-02 7.018535262592282345e-03 -1.593220338983050988e-01
9.000000000000000222e-01 7.571444136592162977e+03 7.571432974205614300e+03 -5.423665241532710929e-02 -5.423665241532692888e-02 7.018535262592282345e-03 -1.677966101694915446e-01
9.000000000000000222e-01 9.237906711769555841e+03 9.237867503348510581e+03 -5.153955196616625406e-02 -5.153955196606928996e-02 7.018535262592282345e-03 -1.762711864406779627e-01
9.000000000000000222e-01 1.116553962158115428e+04 1.116553258753308000e+04 -4.909844391874402386e-02 -4.909844391870728242e-02 7.018535262592282345e-03 -1.847457627118644086e-01
9.000000000000000222e-01 1.338031381555784174e+04 1.338025365015226998e+04 -4.687848132910467369e-02 -4.687848132836341247e-02 7.018535262592282345e-03 -1.932203389830508544e-01
9.000000000000000222e-01 1.590943201363886510e+04 1.590934262148947892e+04 -4.485087494370645217e-02 -4.485087494370202515e-02 7.018535262592282345e-03 -2.016949152542373003e-01
9.000000000000000222e-01 1.878132870478387849e+04 1.878128709201156744e+04 -4.299163045516492948e-02 -4.299163045517012671e-02 7.018535262592282345e-03 -2.101694915254237461e-01
9.000000000000000222e-01 2.202567014972352263e+04 2.202564535265705126e+04 -4.128058920976907659e-02 -4.128058920977575874e-02 7.018535262592282345e-03 -2.186440677966101642e-01
9.000000000000000222e-01 2.567335437356054172e+04 2.567332510136359997e+04 -3.970069054754219590e-02 -3.970069054753832399e-02 7.018535262592282345e-03 -2.271186440677966101e-01
9.000000000000000222e-01 2.975651118248078274e+04 2.975647514723441782e+04 -3.823739815841280948e-02 -3.823739815841842304e-02 7.018535262592282345e-03 -2.355932203389830559e-01
9.000000000000000222e-01 3.430850213724534842e+04 3.430848758393015305e+04 -3.687824950169001775e-02 -3.687824950168862997e-02 7.018535262592282345e-03 -2.440677966101695018e-01
9.000000000000000222e-01 3.936392058159992303e+04 3.936366562703518139e+04 -3.561249840718371668e-02 -3.561249840717296139e-02 7.018535262592282345e-03 -2.525423728813559476e-01
9.000000000000000222e-01 4.495859161920868064e+04 4.495851517173081083e+04 -3.443082923401273587e-02 -3.443082923401115381e-02 7.018535262592282345e-03 -2.610169491525423657e-01
9.000000000000000222e-01 5.112957212755391083e+04 5.112944472288923134e+04 -3.332512631322963326e-02 -3.332512631316401214e-02 7.018535262592282345e-03 -2.694915254237287838e-01
9.000000000000000222e-01 5.791515075659039576e+04 5.791466571740887593e+04 -3.228828663085867023e-02 -3.228828663058169735e-02 7.018535262592282345e-03 -2.779661016949152574e-01
9.000000000000000222e-01 6.535484792763396399e+04 6.535473477272572200e+04 -3.131406655728614929e-02 -3.131406655718087934e-02 7.018535262592282345e-03 -2.864406779661017310e-01
9.000000000000000222e-01 7.348941581840623985e+04 7.348883450478981831e+04 -3.039695561797989970e-02 -3.039695561796142143e-02 7.018535262592282345e-03 -2.949152542372881491e-01
9.000000000000000222e-01 8.236083838565016049e+04 8.236077887663852016e+04 -2.953207187472646142e-02 -2.953207187471874884e-02 7.018535262592282345e-03 -3.033898305084745672e-01
9.000000000000000222e-01 9.201233136544986337e+04 9.201180427453984157e+04 -2.871507474451240674e-02 -2.871507474451550496e-02 7.018535262592282345e-03 -3.118644067796609853e-01
9.000000000000000222e-01 1.024883422506358329e+05 1.024877925547761843e+05 -2.794209195208769911e-02 -2.794209195207102842e-02 7.018535262592282345e-03 -3.203389830508474589e-01
9.000000000000000222e-01 1.138345502940460574e+05 1.138336363826479064e+05 -2.720965799529687090e-02 -2.720965799525668777e-02 7.018535262592282345e-03 -3.288135593220339326e-01
9.000000000000000222e-01 1.260978665326232876e+05 1.260972619250886491e+05 -2.651466206630722494e-02 -2.651466206631330341e-02 7.018535262592282345e-03 -3.372881355932203506e-01
9.000000000000000222e-01 1.393264338034738612e+05 1.393258560251731833e+05 -2.585430378118331804e-02 -2.585430378115938926e-02 7.018535262592282345e-03 -3.457627118644067687e-01
9.000000000000000222e-01 1.535696266408621741e+05 1.535687192844549136e+05 -2.522605540246854530e-02 -2.522605540247324987e-02 7.018535262592282345e-03 -3.542372881355931868e-01
9.000000000000000222e-01 1.688780513742509065e+05 1.688778552582656848e+05 -2.462762941290980515e-02 -2.462762941288106772e-02 7.018535262592282345e-03 -3.627118644067797160e-01
9.000000000000000222e-01 1.853035462407967134e+05 1.853022008594284998e+05 -2.405695061606005422e-02 -2.405695061605223409e-02 7.018535262592282345e-03 -3.711864406779661341e-01
9.000000000000000222e-01 2.028991809557131783e+05 2.028978533121386135e+05 -2.351213210733211351e-02 -2.351213210732522318e-02 7.018535262592282345e-03 -3.796610169491525522e-01
9.000000000000000222e-01 2.217192572580399865e+05 2.217175618173688126e+05 -2.299145431489691901e-02 -2.299145431488670149e-02 7.018535262592282345e-03 -3.881355932203389703e-01
9.000000000000000222e-01 2.418193086319438007e+05 2.418189096081322350e+05 -2.249334688123158857e-02 -2.249334688099058691e-02 7.018535262592282345e-03 -3.966101694915253884e-01
9.000000000000000222e-01 2.632561000899327919e+05 2.632545055586359813e+05 -2.201637283315590124e-02 -2.201637283315060339e-02 7.018535262592282345e-03 -4.050847457627119175e-01
9.000000000000000222e-01 2.860876287580795470e+05 2.860867292130215210e+05 -2.155921465870224221e-02 -2.155921465849381519e-02 7.018535262592282345e-03 -4.135593220338983356e-01
9.000000000000000222e-01 3.103731233459674986e+05 3.103726157319394406e+05 -2.112066218618065261e-02 -2.112066218616266353e-02 7.018535262592282345e-03 -4.220338983050847537e-01
9.000000000000000222e-01 3.361730442797885044e+05 3.361725566059847479e+05 -2.069960185488836993e-02 -2.069960185488178492e-02 7.018535262592282345e-03 -4.305084745762711718e-01
9.000000000000000222e-01 3.635490839021304855e+05 3.635481690331823193e+05 -2.029500724779436868e-02 -2.029500724779162782e-02 7.018535262592282345e-03 -4.389830508474575899e-01
9.000000000000000222e-01 3.925641661667654989e+05 3.925622957594913896e+05 -1.990593074610238697e-02 -1.990593074609064983e-02 7.018535262592282345e-03 -4.474576271186441190e-01
9.000000000000000222e-01 4.232824470461329329e+05 4.232790048604256008e+05 -1.953149608642940419e-02 -1.953149608595624795e-02 7.018535262592282345e-03 -4.559322033898305371e-01
9.000000000000000222e-01 4.557693139880712843e+05 4.557676419184629922e+05 -1.917089179301873988e-02 -1.917089179180323302e-02 7.018535262592282345e-03 -4.644067796610169552e-01
9.000000000000000222e-01 4.900913860543923220e+05 4.900912915118890232e+05 -1.882336528818776347e-02 -1.882336528819004637e-02 7.018535262592282345e-03 -4.728813559322033733e-01
9.000000000000000222e-01 5.263165153220748762e+05 5.263130606554010883e+05 -1.848821759158841491e-02 -1.848821759159308478e-02 7.018535262592282345e-03 -4.813559322033897914e-01
9.000000000000000222e-01 5.645137837586147944e+05 5.645110032376745949e+05 -1.816479874372215267e-02 -1.816479874371958875e-02 7.018535262592282345e-03 -4.898305084745763205e-01
9.000000000000000222e-01 6.047535062973526074e+05 6.047510062050062697e+05 -1.785250347411696317e-02 -1.785250347412488045e-02 7.018535262592282345e-03 -4.983050847457627386e-01
9.000000000000000222e-01 6.471072293614802184e+05 6.471045450020509306e+05 -1.755076747425297554e-02 -1.755076747425508149e-02 7.018535262592282345e-03 -5.067796610169491567e-01
9.000000000000000222e-01 6.916477312020584941e+05 6.916443212074748008e+05 -1.725906397874725495e-02 -1.725906397806627537e-02 7.018535262592282345e-03 -5.152542372881355748e-01
9.000000000000000222e-01 7.384490217622122727e+05 7.384442633284589974e+05 -1.697690069705957636e-02 -1.697690069705974289e-02 7.018535262592282345e-03 -5.237288135593219929e-01
9.000000000000000222e-01 7.875863427880377276e+05 7.875795260347931180e+05 -1.670381703514836960e-02 -1.670381703514937574e-02 7.018535262592282345e-03 -5.322033898305085220e-01
9.000000000000000222e-01 8.391361677604279248e+05 8.391340080516164890e+05 -1.643938158586085579e-02 -1.643938158493807311e-02 7.018535262592282345e-03 -5.406779661016949401e-01
9.000000000000000222e-01 8.931762019438192947e+05 8.931707706506344257e+05 -1.618318985158982357e-02 -1.618318985158729434e-02 7.018535262592282345e-03 -5.491525423728813582e-01
9.000000000000000222e-01 9.497853824136151234e+05 9.497842188465051586e+05 -1.593486217752285855e-02 -1.593486217752995357e-02 7.018535262592282345e-03 -5.576271186440677763e-01
9.000000000000000222e-01 1.009043878104391508e+06 1.009037908186636632e+06 -1.569404187232931527e-02 -1.569404187229626532e-02 7.018535262592282345e-03 -5.661016949152541944e-01
9.000000000000000222e-01 1.071033089389674831e+06 1.071030752832768019e+06 -1.546039350390403591e-02 -1.546039350383459667e-02 7.018535262592282345e-03 -5.745762711864407235e-01
9.000000000000000222e-01 1.135835648768266430e+06 1.135826609848607564e+06 -1.523360132816972690e-02 -1.523360132817256490e-02 7.018535262592282345e-03 -5.830508474576271416e-01
9.000000000000000222e-01 1.203535420314195566e+06 1.203529100330979796e+06 -1.501336787321357578e-02 -1.501336787321365038e-02 7.018535262592282345e-03 -5.915254237288135597e-01
9.000000000000000222e-01 1.274217499944945332e+06 1.274213646446098341e+06 -1.479941263245073378e-02 -1.479941263245591193e-02 7.018535262592282345e-03 -5.999999999999999778e-01
1.000000000000000000e+00 2.390475134237659404e+03 2.390431241303567276e+03 -7.790722128948072978e-02 -7.790722128945948288e-02 2.964483245015136180e-03 -1.000000000000000056e-01
1.000000000000000000e+00 3.325255102416603677e+03 3.325163055246695876e+03 -7.174922460041806282e-02 -7.174922460042149064e-02 2.964483245015136180e-03 -1.084745762711864514e-01
1.000000000000000000e+00 4.510873561652552780e+03 4.510861749587376835e+03 -6.649231455592605200e-02 -6.649231455581942896e-02 2.964483245015136180e-03 -1.169491525423728834e-01
1.000000000000000000e+00 5.988672752169825799e+03 5.988576425688717791e+03 -6.195238142168146833e-02 -6.195238142167563966e-02 2.964483245015136180e-03 -1.254237288135593431e-01
1.000000000000000000e+00 7.803152490662311720e+03 7.803049144220213748e+03 -5.799223304099722365e-02 -5.799223304100001308e-02 2.964483245015136180e-03 -1.338983050847457612e-01
1.000000000000000000e+00 1.000197016506747786e+04 1.000184725361023629e+04 -5.450755509848913272e-02 -5.450755509848578123e-02 2.964483245015136180e-03 -1.423728813559322071e-01
1.000000000000000000e+00 1.263594073937221583e+04 1.263593322913540942e+04 -5.141762512722859030e-02 -5.141762512723082462e-02 2.964483245015136180e-03 -1.508474576271186529e-01
1.000000000000000000e+00 1.575903675013105021e+04 1.575897949614612298e+04 -4.865900382733759355e-02 -4.865900382728589879e-02 2.964483245015136180e-03 -1.593220338983050988e-01
1.000000000000000000e+00 1.942838831289497830e+04 1.942812040793519918e+04 -4.618114695166791045e-02 -4.618114695164127204e-02 2.964483245015136180e-03 -1.677966101694915446e-01
1.000000000000000000e+00 2.370428311170320012e+04 2.370369602198931898e+04 -4.394328895092453058e-02 -4.394328895092222687e-02 2.964483245015136180e-03 -1.762711864406779627e-01
1.000000000000000000e+00 2.865016640724266108e+04 2.864926924897958088e+04 -4.191218827383499240e-02 -4.191218827383978024e-02 2.964483245015136180e-03 -1.847457627118644086e-01
1.000000000000000000e+00 3.433264103334416723e+04 3.433164483245693555e+04 -4.006046879096691882e-02 -4.006046879096142321e-02 2.964483245015136180e-03 -1.932203389830508544e-01
1.000000000000000000e+00 4.082146739672544209e+04 4.082089009327296662e+04 -3.836538125960933104e-02 -3.836538125961538176e-02 2.964483245015136180e-03 -2.016949152542373003e-01
1.000000000000000000e+00 4.818956348207194242e+04 4.818857825308069005e+04 -3.680786579340101367e-02 -3.680786579340260267e-02 2.964483245015136180e-03 -2.101694915254237461e-01
1.000000000000000000e+00 5.651300484881542798e+04 5.651252034840390843e+04 -3.537183335083143865e-02 -3.537183335082200175e-02 2.964483245015136180e-03 -2.186440677966101642e-01
1.000000000000000000e+00 6.587102462634384574e+04 6.587014416585900472e+04 -3.404360879553024188e-02 -3.404360879553821467e-02 2.964483245015136180e-03 -2.271186440677966101e-01
1.000000000000000000e+00 7.634601351359322143e+04 7.634348197009376599e+04 -3.281149468074823217e-02 -3.281149468074406189e-02 2.964483245015136180e-03 -2.355932203389830559e-01
1.000000000000000000e+00 8.802351978990741191e+04 8.802096538822047296e+04 -3.166542629973448375e-02 -3.166542629972712158e-02 2.964483245015136180e-03 -2.440677966101695018e-01
1.000000000000000000e+00 1.009922493156638666e+05 1.009885200462787034e+05 -3.059669648975462189e-02 -3.059669648975280043e-02 2.964483245015136180e-03 -2.525423728813559476e-01
1.000000000000000000e+00 1.153440655154104898e+05 1.153419799351262336e+05 -2.959773427288953790e-02 -2.959773427288825420e-02 2.964483245015136180e-03 -2.610169491525423657e-01
1.000000000000000000e+00 1.311739893850852677e+05 1.311728065166599699e+05 -2.866192542507789431e-02 -2.866192542507131277e-02 2.964483245015136180e-03 -2.694915254237287838e-01
1.000000000000000000e+00 1.485801995244538120e+05 1.485788786321924417e+05 -2.778346599730076652e-02 -2.778346599730499578e-02 2.964483245015136180e-03 -2.779661016949152574e-01
1.000000000000000000e+00 1.676640320399201300e+05 1.676611897985564719e+05 -2.695724196684441340e-02 -2.695724196683357485e-02 2.964483245015136180e-03 -2.864406779661017310e-01
1.000000000000000000e+00 1.885299806717886240e+05 1.885238457065809052e+05 -2.617872967690740640e-02 -2.617872967690519290e-02 2.964483245015136180e-03 -2.949152542372881491e-01
1.000000000000000000e+00 2.112856967391935759e+05 2.112821221478119551e+05 -2.544391306137451514e-02 -2.544391306151714410e-02 2.964483245015136180e-03 -3.033898305084745672e-01
1.000000000000000000e+00 2.360419890937049640e+05 2.360402087685541483e+05 -2.474921440967585429e-02 -2.474921440967051481e-02 2.964483245015136180e-03 -3.118644067796609853e-01
1.000000000000000000e+00 2.629128241777164512e+05 2.629117881260428112e+05 -2.409143614959952454e-02 -2.409143614946775841e-02 2.964483245015136180e-03 -3.203389830508474589e-01
1.000000000000000000e+00 2.920153260210088920e+05 2.920136649302037549e+05 -2.346771167424336474e-02 -2.346771167424514110e-02 2.964483245015136180e-03 -3.288135593220339326e-01
1.000000000000000000e+00 3.234697762225370388e+05 3.234657643079750123e+05 -2.287546360928977354e-02 -2.287546360927915357e-02 2.964483245015136180e-03 -3.372881355932203506e-01
1.000000000000000000e+00 3.573996139043155708e+05 3.573911299870660296e+05 -2.231236823982138753e-02 -2.231236823982067283e-02 2.964483245015136180e-03 -3.457627118644067687e-01
1.000000000000000000e+00 3.939314358693155809e+05 3.939311029696880141e+05 -2.177632504821719675e-02 -2.177632504822552689e-02 2.964483245015136180e-03 -3.542372881355931868e-01
1.000000000000000000e+00 4.331949963486430934e+05 4.331861412228599656e+05 -2.126543056235714879e-02 -2.126543056236490647e-02 2.964483245015136180e-03 -3.627118644067797160e-01
1.000000000000000000e+00 4.753232073980852729e+05 4.753207572746044607e+05 -2.077795576240490036e-02 -2.077795576239738901e-02 2.964483245015136180e-03 -3.711864406779661341e-01
1.000000000000000000e+00 5.204521383535058703e+05 5.204354973879368044e+05 -2.031232657018845755e-02 -2.031232657019085494e-02 2.964483245015136180e-03 -3.796610169491525522e-01
1.000000000000000000e+00 5.687210162158851745e+05 5.687077391538799275e+05 -1.986710685814200086e-02 -1.986710685827820788e-02 2.964483245015136180e-03 -3.881355932203389703e-01
1.000000000000000000e+00 6.202722257158865687e+05 6.202612349997634301e+05 -1.944098366182104090e-02 -1.944098366181884474e-02 2.964483245015136180e-03 -3.966101694915253884e-01
1.000000000000000000e+00 6.752513089776217239e+05 6.752412385830548592e+05 -1.903275426621008418e-02 -1.903275426619955094e-02 2.964483245015136180e-03 -4.050847457627119175e-01
1.000000000000000000e+00 7.338069656662766356e+05 7.337961335008750902e+05 -1.864131486733238904e-02 -1.864131486733606319e-02 2.964483245015136180e-03 -4.135593220338983356e-01
1.000000000000000000e+00 7.960910532896048389e+05 7.960774321132483892e+05 -1.826565060294527837e-02 -1.826565060287239917e-02 2.964483245015136180e-03 -4.220338983050847537e-01
1.000000000000000000e+00 8.622585867185434327e+05 8.622397746048775734e+05 -1.790482678367055075e-02 -1.790482678367392305e-02 2.964483245015136180e-03 -4.305084745762711718e-01
1.000000000000000000e+00 9.324677383323482936e+05 9.324409278981300304e+05 -1.755798112595714777e-02 -1.755798112596338237e-02 2.964483245015136180e-03 -4.389830508474575899e-01
1.000000000000000000e+00 1.006879838290630607e+06 1.006841784443699056e+06 -1.722431686975670062e-02 -1.722431686970303522e-02 2.964483245015136180e-03 -4.474576271186441190e-01
1.000000000000000000e+00 1.085659374103965005e+06 1.085648785676314728e+06 -1.690309667898633531e-02 -1.690309667894460480e-02 2.964483245015136180e-03 -4.559322033898305371e-01
1.000000000000000000e+00 1.168973991081967484e+06 1.168947529766161693e+06 -1.659363719608265147e-02 -1.659363719608079879e-02 2.964483245015136180e-03 -4.644067796610169552e-01
1.000000000000000000e+00 1.256994491892168997e+06 1.256947588995487429e+06 -1.629530419821894477e-02 -1.629530419810632652e-02 2.964483245015136180e-03 -4.728813559322033733e-01
1.000000000000000000e+00 1.349894837197403423e+06 1.349875243232726818e+06 -1.600750825117914708e-02 -1.600750825118367471e-02 2.964483245015136180e-03 -4.813559322033897914e-01
1.000000000000000000e+00 1.447852144651934272e+06 1.447805128836894408e+06 -1.572970083673713021e-02 -1.572970083652124734e-02 2.964483245015136180e-03 -4.898305084745763205e-01
1.000000000000000000e+00 1.551046689662053250e+06 1.551026939515512204e+06 -1.546137085394484918e-02 -1.546137085394350477e-02 2.964483245015136180e-03 -4.983050847457627386e-01
1.000000000000000000e+00 1.659661905649326276e+06 1.659606046331477584e+06 -1.520204148041168039e-02 -1.520204148037935035e-02 2.964483245015136180e-03 -5.067796610169491567e-01
1.000000000000000000e+00 1.773884382936055074e+06 1.773854787304416299e+06 -1.495126735652053951e-02 -1.495126735651365092e-02 2.964483245015136180e-03 -5.152542372881355748e-01
1.000000000000000000e+00 1.893903869766894495e+06 1.893901997905292781e+06 -1.470863202328822131e-02 -1.470863202323958140e-02 2.964483245015136180e-03 -5.237288135593219929e-01
1.000000000000000000e+00 2.019913272118914872e+06 2.019861078627449693e+06 -1.447374561768420900e-02 -1.447374561757462826e-02 2.964483245015136180e-03 -5.322033898305085220e-01
1.000000000000000000e+00 2.152108646504851058e+06 2.152081673007330392e+06 -1.424624283098593555e-02 -1.424624283048331677e-02 2.964483245015136180e-03 -5.406779661016949401e-01
1.000000000000000000e+00 2.290689234347047284e+06 2.290688444481077138e+06 -1.402578078462467064e-02 -1.402578078462362113e-02 2.964483245015136180e-03 -5.491525423728813582e-01
1.000000000000000000e+00 2.435857393520673737e+06 2.435787690338419285e+06 -1.381203776137339585e-02 -1.381203776135858131e-02 2.964483245015136180e-03 -5.576271186440677763e-01
1.000000000000000000e+00 2.587818667047671974e+06 2.587770769731171895e+06 -1.360471118282965963e-02 -1.360471118282859104e-02 2.964483245015136180e-03 -5.661016949152541944e-01
1.000000000000000000e+00 2.746781748620054685e+06 2.746756010686906055e+06 -1.340351640954806633e-02 -1.340351640939053263e-02 2.964483245015136180e-03 -5.745762711864407235e-01
1.000000000000000000e+00 2.912958489447135944e+06 2.912955115096405149e+06 -1.320818539201234175e-02 -1.320818539199552014e-02 2.964483245015136180e-03 -5.830508474576271416e-01
1.000000000000000000e+00 3.086563898380680010e+06 3.086461019280966837e+06 -1.301846547880921266e-02 -1.301846547881104627e-02 2.964483245015136180e-03 -5.915254237288135597e-01
1.000000000000000000e+00 3.267816141837658361e+06 3.267728323141174391e+06 -1.283411832701875956e-02 -1.283411832697512259e-02 2.964483245015136180e-03 -5.999999999999999778e-01
