-1.460035297683175137e-01 1.191761345235165144e-02 -1.460034375375294236e-01 1.191761359756277755e-02 1.379558688176099265e-02 1.379558702699160838e-02 -1.000000000000000056e-01 8.000000000000000444e-01
-1.331911508177703873e-01 1.191761345235178675e-02 -1.331910583896058764e-01 1.191761359756170549e-02 1.363078728525484416e-02 1.363078743039617367e-02 -1.084745762711864514e-01 8.000000000000000444e-01
-1.224460372202782754e-01 1.191761345235333759e-02 -1.224459426200485979e-01 1.191761359756447584e-02 1.349257792344008521e-02 1.349257806867575939e-02 -1.169491525423728834e-01 8.000000000000000444e-01
-1.133052117986782514e-01 1.191761345235178675e-02 -1.133051144881780381e-01 1.191761359760683953e-02 1.337500375779394207e-02 1.337500390303698709e-02 -1.254237288135593431e-01 8.000000000000000444e-01
-1.054343422523538326e-01 1.191761345236201815e-02 -1.054342428966161815e-01 1.191761359756658006e-02 1.327376444476159600e-02 1.327376458997301181e-02 -1.338983050847457612e-01 8.000000000000000444e-01
-9.858596164609062518e-02 1.191761345235969882e-02 -9.858586132878888186e-02 1.191761359756925327e-02 1.318567693915837641e-02 1.318567708439548868e-02 -1.423728813559322071e-01 8.000000000000000444e-01
-9.257297786428700381e-02 1.191761345235204349e-02 -9.257287762649379914e-02 1.191761359755796022e-02 1.310833476219521940e-02 1.310833490796299398e-02 -1.508474576271186529e-01 8.000000000000000444e-01
-8.725131979912752189e-02 1.191761345235189430e-02 -8.725122028270959618e-02 1.191761359755273350e-02 1.303988479157129274e-02 1.303988493677421708e-02 -1.593220338983050988e-01 8.000000000000000444e-01
-8.250824387409499971e-02 1.191761345235177981e-02 -8.250814556892516194e-02 1.191761359756315919e-02 1.297887685611217971e-02 1.297887700137894014e-02 -1.677966101694915446e-01 8.000000000000000444e-01
-7.825425801118342239e-02 1.191761345235207645e-02 -7.825416112863958773e-02 1.191761359755610927e-02 1.292415985850924390e-02 1.292416000372577541e-02 -1.762711864406779627e-01 8.000000000000000444e-01
-7.441742144099912359e-02 1.191761345236237377e-02 -7.441732605412876289e-02 1.191761359757157086e-02 1.287480845661178458e-02 1.287480860185030024e-02 -1.847457627118644086e-01 8.000000000000000444e-01
-7.093924306717432071e-02 1.191761345235165317e-02 -7.093914915257903964e-02 1.191761359756089711e-02 1.283007030583170616e-02 1.283007045105485043e-02 -1.932203389830508544e-01 8.000000000000000444e-01
-6.777167872426559381e-02 1.191761345235261595e-02 -6.777158621346635048e-02 1.191761359756987430e-02 1.278932743614060764e-02 1.278932758133392855e-02 -2.016949152542373003e-01 8.000000000000000444e-01
-6.487489839274276915e-02 1.191761345236543902e-02 -6.487480720644445142e-02 1.191761359756889072e-02 1.275206753253478077e-02 1.275206767774282948e-02 -2.101694915254237461e-01 8.000000000000000444e-01
-6.221560289338231436e-02 1.191761345235177634e-02 -6.221551294445537561e-02 1.191761359755808165e-02 1.271786228331246368e-02 1.271786242853465906e-02 -2.186440677966101642e-01 8.000000000000000444e-01
-5.976573784427082620e-02 1.191761345235179542e-02 -5.976564905260473015e-02 1.191761359755276993e-02 1.268635083830122780e-02 1.268635098350994611e-02 -2.271186440677966101e-01 8.000000000000000444e-01
-5.750150027001976749e-02 1.191761345235503415e-02 -5.750141256696217340e-02 1.191761359755750052e-02 1.265722703117471044e-02 1.265722717636470242e-02 -2.355932203389830559e-01 8.000000000000000444e-01
-5.540256264593158148e-02 1.191761345235541926e-02 -5.540247597952119296e-02 1.191761359756507259e-02 1.263022939870488658e-02 1.263022954393462974e-02 -2.440677966101695018e-01 8.000000000000000444e-01
-5.345146124613391059e-02 1.191761345235158205e-02 -5.345137556828205572e-02 1.191761359755337014e-02 1.260513331335414398e-02 1.260513345856929639e-02 -2.525423728813559476e-01 8.000000000000000444e-01
-5.163310754078822423e-02 1.191761345235357525e-02 -5.163302281188042464e-02 1.191761359762027322e-02 1.258174469860086353e-02 1.258174484382187062e-02 -2.610169491525423657e-01 8.000000000000000444e-01
-4.993440033794131067e-02 1.191761345235209900e-02 -4.993431653943425363e-02 1.191761359755368239e-02 1.255989504008109617e-02 1.255989518529803534e-02 -2.694915254237287838e-01 8.000000000000000444e-01
-4.834390652704673164e-02 1.191761345235171216e-02 -4.834382362933276056e-02 1.191761359760687942e-02 1.253943727916237948e-02 1.253943742438710408e-02 -2.779661016949152574e-01 8.000000000000000444e-01
-4.685160494618974963e-02 1.191761345237217669e-02 -4.685152293862793194e-02 1.191761359758588233e-02 1.252024251844022391e-02 1.252024266365805646e-02 -2.864406779661017310e-01 8.000000000000000444e-01
-4.544867475314137012e-02 1.191761345235434894e-02 -4.544859361646236273e-02 1.191761359761299779e-02 1.250219729957188254e-02 1.250219744478719107e-02 -2.949152542372881491e-01 8.000000000000000444e-01
-4.412732090437003485e-02 1.191761345235197410e-02 -4.412724063433592914e-02 1.191761359756281051e-02 1.248520135866302769e-02 1.248520150386802502e-02 -3.033898305084745672e-01 8.000000000000000444e-01
-4.288062927048431200e-02 1.191761345236515800e-02 -4.288054985740574754e-02 1.191761359756780825e-02 1.246916576254836380e-02 1.246916590776967967e-02 -3.118644067796609853e-01 8.000000000000000444e-01
-4.170244561232099717e-02 1.191761345235206951e-02 -4.170236704465402067e-02 1.191761359756467360e-02 1.245401135212714609e-02 1.245401149733337855e-02 -3.203389830508474589e-01 8.000000000000000444e-01
-4.058727397457376901e-02 1.191761345235175552e-02 -4.058719624843976082e-02 1.191761359755519160e-02 1.243966743555736075e-02 1.243966758077041067e-02 -3.288135593220339326e-01 8.000000000000000444e-01
-3.953019096652592157e-02 1.191761345235178501e-02 -3.953011407425410795e-02 1.191761359755152440e-02 1.242607068557709943e-02 1.242607083079068017e-02 -3.372881355932203506e-01 8.000000000000000444e-01
-3.852677309122875399e-02 1.191761345235214237e-02 -3.852669702572353305e-02 1.191761359755280983e-02 1.241316420482948928e-02 1.241316435004357309e-02 -3.457627118644067687e-01 8.000000000000000444e-01
-3.757303487030489580e-02 1.191761345235186308e-02 -3.757295962523699018e-02 1.191761359755356096e-02 1.240089672998237469e-02 1.240089687520281106e-02 -3.542372881355931868e-01 8.000000000000000444e-01
-3.666537593756096641e-02 1.191761345245363757e-02 -3.666530150527247400e-02 1.191761359765896970e-02 1.238922195130812490e-02 1.238922209653058049e-02 -3.627118644067797160e-01 8.000000000000000444e-01
-3.580053562275221923e-02 1.191761345235168787e-02 -3.580046199482334046e-02 1.191761359756455564e-02 1.237809792806784936e-02 1.237809807328278146e-02 -3.711864406779661341e-01 8.000000000000000444e-01
-3.497555380463947261e-02 1.191761345235671857e-02 -3.497548097484415308e-02 1.191761359756248959e-02 1.236748658588665041e-02 1.236748673109931522e-02 -3.796610169491525522e-01 8.000000000000000444e-01
-3.418773707101109560e-02 1.191761345235178501e-02 -3.418766503077852459e-02 1.191761359755715878e-02 1.235735328056401794e-02 1.235735342577528283e-02 -3.881355932203389703e-01 8.000000000000000444e-01
-3.343462933596261233e-02 1.191761345235172083e-02 -3.343455807689599268e-02 1.191761359755500078e-02 1.234766642063271809e-02 1.234766656584193947e-02 -3.966101694915253884e-01 8.000000000000000444e-01
-3.271398626660960290e-02 1.191761345235188389e-02 -3.271391577982840637e-02 1.191761359755703215e-02 1.233839713828797230e-02 1.233839728349795523e-02 -4.050847457627119175e-01 8.000000000000000444e-01
-3.202375294229511948e-02 1.191761345235184746e-02 -3.202368321914694782e-02 1.191761359755458445e-02 1.232951900204913055e-02 1.232951914726160281e-02 -4.135593220338983356e-01 8.000000000000000444e-01
-3.136204428780221126e-02 1.191761345235219094e-02 -3.136197531851658837e-02 1.191761359755240911e-02 1.232100776507863600e-02 1.232100791028857209e-02 -4.220338983050847537e-01 8.000000000000000444e-01
-3.072712788171798326e-02 1.191761345235154562e-02 -3.072705965604360934e-02 1.191761359755647877e-02 1.231284114405165921e-02 1.231284128925853004e-02 -4.305084745762711718e-01 8.000000000000000444e-01
-3.011740879547017760e-02 1.191761345235175032e-02 -3.011734130459797765e-02 1.191761359755562355e-02 1.230499862415240786e-02 1.230499876936392602e-02 -4.389830508474575899e-01 8.000000000000000444e-01
-2.953141625031525247e-02 1.191761345235200185e-02 -2.953134948432967199e-02 1.191761359755284452e-02 1.229746128744410062e-02 1.229746143265937793e-02 -4.474576271186441190e-01 8.000000000000000444e-01
-2.896779173771865667e-02 1.191761345235192379e-02 -2.896772568459871078e-02 1.191761359756202121e-02 1.229021166006928970e-02 1.229021180527663584e-02 -4.559322033898305371e-01 8.000000000000000444e-01
-2.842527851997293104e-02 1.191761345235181277e-02 -2.842521316758783723e-02 1.191761359760796536e-02 1.228323357720180996e-02 1.228323372241318066e-02 -4.644067796610169552e-01 8.000000000000000444e-01
-2.790271227643288318e-02 1.191761345235719388e-02 -2.790264762169314405e-02 1.191761359756223979e-02 1.227651206273782693e-02 1.227651220795084736e-02 -4.728813559322033733e-01 8.000000000000000444e-01
-2.739901275980578810e-02 1.191761345235220655e-02 -2.739894878862181304e-02 1.191761359755792726e-02 1.227003322195037785e-02 1.227003336716840642e-02 -4.813559322033897914e-01 8.000000000000000444e-01
-2.691317633975221640e-02 1.191761345235177634e-02 -2.691311303741117378e-02 1.191761359760875293e-02 1.226378414562873977e-02 1.226378429084575179e-02 -4.898305084745763205e-01 8.000000000000000444e-01
-2.644426933263365267e-02 1.191761345235181103e-02 -2.644420669672953306e-02 1.191761359755426873e-02 1.225775282423646577e-02 1.225775296945100755e-02 -4.983050847457627386e-01 8.000000000000000444e-01
-2.599142201061381552e-02 1.191761345235171389e-02 -2.599136002279611724e-02 1.191761359760889864e-02 1.225192807087393393e-02 1.225192821609081412e-02 -5.067796610169491567e-01 8.000000000000000444e-01
-2.555382321723979541e-02 1.191761345235190298e-02 -2.555376187395530518e-02 1.191761359755891606e-02 1.224629945201877179e-02 1.224629959722180889e-02 -5.152542372881355748e-01 8.000000000000000444e-01
-2.513071551925887687e-02 1.191761345235202441e-02 -2.513065480748277736e-02 1.191761359756510728e-02 1.224085722516447469e-02 1.224085737037331270e-02 -5.237288135593219929e-01 8.000000000000000444e-01
-2.472139083134939491e-02 1.191761345235160287e-02 -2.472133073721349827e-02 1.191761359761044602e-02 1.223559228254369330e-02 1.223559242774973667e-02 -5.322033898305085220e-01 8.000000000000000444e-01
-2.432518646121563724e-02 1.191761345235211461e-02 -2.432512698274047480e-02 1.191761359756130477e-02 1.223049610026027967e-02 1.223049624547376153e-02 -5.406779661016949401e-01 8.000000000000000444e-01
-2.394148153003623422e-02 1.191761345235184226e-02 -2.394142265364440636e-02 1.191761359755138215e-02 1.222556069224225647e-02 1.222556083745603497e-02 -5.491525423728813582e-01 8.000000000000000444e-01
-2.356969372507228266e-02 1.191761345235571243e-02 -2.356963543965595598e-02 1.191761359755767226e-02 1.222077856848122375e-02 1.222077871369116851e-02 -5.576271186440677763e-01 8.000000000000000444e-01
-2.320927635268118377e-02 1.191761345235178154e-02 -2.320921864828384695e-02 1.191761359756131865e-02 1.221614269710489566e-02 1.221614284231336590e-02 -5.661016949152541944e-01 8.000000000000000444e-01
-2.285971565321217799e-02 1.191761345235174685e-02 -2.285965862619887545e-02 1.191761359757128637e-02 1.221164646987747508e-02 1.221164661644980401e-02 -5.745762711864407235e-01 8.000000000000000444e-01
-2.252052836019548601e-02 1.191761345235175899e-02 -2.252047178688321161e-02 1.191761359760620115e-02 1.220728367076812093e-02 1.220728381597345306e-02 -5.830508474576271416e-01 8.000000000000000444e-01
-2.219125947173133245e-02 1.191761345235188389e-02 -2.219120345660297033e-02 1.191761359755474405e-02 1.220304844730375239e-02 1.220304859252080432e-02 -5.915254237288135597e-01 8.000000000000000444e-01
-2.187148020589674280e-02 1.191761345235162195e-02 -2.187142473504077866e-02 1.191761359755536508e-02 1.219893528426591739e-02 1.219893542948552803e-02 -5.999999999999999778e-01 8.000000000000000444e-01
-9.339701353432315611e-02 7.018535262592292753e-03 -9.290244367678501813e-02 7.018348832650633980e-03 7.820961604978216367e-03 7.820949803353060073e-03 -1.000000000000000056e-01 9.000000000000000222e-01
-8.565243304785229161e-02 7.018535262612984535e-03 -8.514314820966095709e-02 7.018348832665798932e-03 7.753930936941882610e-03 7.753915850026662886e-03 -1.084745762711864514e-01 9.000000000000000222e-01
-7.909819406787246820e-02 7.018535262592306631e-03 -7.858007019320900621e-02 7.018348832644647449e-03 7.697234772380327078e-03 7.697216235038857948e-03 -1.169491525423728834e-01 9.000000000000000222e-01
-7.347883015238930449e-02 7.018535262592402041e-03 -7.295638299179185715e-02 7.018348832642345471e-03 7.648654272308270073e-03 7.648632186779546517e-03 -1.254237288135593431e-01 9.000000000000000222e-01
-6.860719861345780657e-02 7.018535262592949346e-03 -6.808387030437534904e-02 7.018348832653766890e-03 7.606563348695914370e-03 7.606537670673568785e-03 -1.338983050847457612e-01 9.000000000000000222e-01
-6.434305379326198115e-02 7.018535262592477501e-03 -6.382144924779442619e-02 7.018348832643189414e-03 7.569743119219687379e-03 7.569713846206456952e-03 -1.423728813559322071e-01 9.000000000000000222e-01
-6.057921036880505733e-02 7.018535262593483641e-03 -6.006128568571145188e-02 7.018348832639878694e-03 7.537261953614073952e-03 7.537229114849292727e-03 -1.508474576271186529e-01 9.000000000000000222e-01
-5.723233448942036117e-02 7.018535262592408112e-03 -5.671954452002003766e-02 7.018348832647383975e-03 7.508395561595255716e-03 7.508359210070224277e-03 -1.593220338983050988e-01 9.000000000000000222e-01
-5.423665241541557325e-02 7.018535262592311835e-03 -5.373006520896816962e-02 7.018348832642729712e-03 7.482572353155541103e-03 7.482532558989620289e-03 -1.677966101694915446e-01 9.000000000000000222e-01
-5.153955196632840213e-02 7.018535262592349999e-03 -5.103993718688870640e-02 7.018348832644520814e-03 7.459335212211559187e-03 7.459292057704411741e-03 -1.762711864406779627e-01 9.000000000000000222e-01
-4.909844391884880116e-02 7.018535262592323111e-03 -4.860634102937499978e-02 7.018348832648704100e-03 7.438314205892296825e-03 7.438267781478444599e-03 -1.847457627118644086e-01 9.000000000000000222e-01
-4.687848132851990535e-02 7.018535262600722642e-03 -4.639425222171766894e-02 7.018348832651686957e-03 7.419206745940569968e-03 7.419157147204947025e-03 -1.932203389830508544e-01 9.000000000000000222e-01
-4.485087494389371904e-02 7.018535262592317907e-03 -4.437474460481449778e-02 7.018348832649589676e-03 7.401762931275082322e-03 7.401710256579450975e-03 -2.016949152542373003e-01 9.000000000000000222e-01
-4.299163045512266468e-02 7.018535262592908580e-03 -4.252371847238278768e-02 7.018348832642076589e-03 7.385774559119975477e-03 7.385718907885066922e-03 -2.101694915254237461e-01 9.000000000000000222e-01
-4.128058920995027886e-02 7.018535262592300560e-03 -4.082093422329613475e-02 7.018348832648635578e-03 7.371066776196292039e-03 7.371008247578365868e-03 -2.186440677966101642e-01 9.000000000000000222e-01
-3.970069054775137579e-02 7.018535262592297090e-03 -3.924926928730965159e-02 7.018348832647600816e-03 7.357491658739072696e-03 7.357430350663977763e-03 -2.271186440677966101e-01 9.000000000000000222e-01
-3.823739815785686530e-02 7.018535262599530020e-03 -3.779414028235128509e-02 7.018348832649849017e-03 7.344923220239098390e-03 7.344859228682884718e-03 -2.355932203389830559e-01 9.000000000000000222e-01
-3.687824950177139016e-02 7.018535262592300560e-03 -3.644304920164831429e-02 7.018348832646610289e-03 7.333253490566156788e-03 7.333186909095483139e-03 -2.440677966101695018e-01 9.000000000000000222e-01
-3.561249840728010485e-02 7.018535262592280610e-03 -3.518522347966512864e-02 7.018348832647737859e-03 7.322389406404751326e-03 7.322320325770236525e-03 -2.525423728813559476e-01 9.000000000000000222e-01
-3.443082923421018904e-02 7.018535262592331785e-03 -3.401132820148189406e-02 7.018348832646678810e-03 7.312250324720488519e-03 7.312178832687993985e-03 -2.610169491525423657e-01 9.000000000000000222e-01
-3.332512631350748739e-02 7.018535262592430664e-03 -3.291323399839596320e-02 7.018348832641310708e-03 7.302766017563773818e-03 7.302692198763852116e-03 -2.694915254237287838e-01 9.000000000000000222e-01
-3.228828663109839514e-02 7.018535262592335254e-03 -3.188382852858429040e-02 7.018348832642290827e-03 7.293875043316964610e-03 7.293798979204412641e-03 -2.779661016949152574e-01 9.000000000000000222e-01
-3.131406655731134442e-02 7.018535262592274539e-03 -3.091686225520540177e-02 7.018348832643682075e-03 7.285523414313263731e-03 7.285445183127532871e-03 -2.864406779661017310e-01 9.000000000000000222e-01
-3.039695561827976747e-02 7.018535262592497451e-03 -3.000682147538125122e-02 7.018348832640016605e-03 7.277663499813618632e-03 7.277583176653841524e-03 -2.949152542372881491e-01 9.000000000000000222e-01
-2.953207187484766308e-02 7.018535262592353469e-03 -2.914882309099808833e-02 7.018348832643432275e-03 7.270253117047965896e-03 7.270170773830037653e-03 -3.033898305084745672e-01 9.000000000000000222e-01
-2.871507474477567184e-02 7.018535262592280610e-03 -2.833852699666550290e-02 7.018348832643806975e-03 7.263254773970512050e-03 7.263170479692520297e-03 -3.118644067796609853e-01 9.000000000000000222e-01
-2.794209195227484108e-02 7.018535262592330917e-03 -2.757206261301936578e-02 7.018348832647624234e-03 7.256635034963414971e-03 7.256548855614371706e-03 -3.203389830508474589e-01 9.000000000000000222e-01
-2.720965799538926227e-02 7.018535262594689274e-03 -2.684596709116648938e-02 7.018348832645156590e-03 7.250363986665278246e-03 7.250275985409254664e-03 -3.288135593220339326e-01 9.000000000000000222e-01
-2.651466206638683140e-02 7.018535262592323978e-03 -2.615713298123512054e-02 7.018348832646611156e-03 7.244414786020296829e-03 7.244325023268359705e-03 -3.372881355932203506e-01 9.000000000000000222e-01
-2.585430378169320878e-02 7.018535262592523472e-03 -2.550276379708704688e-02 7.018348832649600952e-03 7.238763276201850075e-03 7.238671809840012232e-03 -3.457627118644067687e-01 9.000000000000000222e-01
-2.522605540257379791e-02 7.018535262592323978e-03 -2.488033605739570220e-02 7.018348832648602618e-03 7.233387658962911991e-03 7.233294544308694826e-03 -3.542372881355931868e-01 9.000000000000000222e-01
-2.462762940790271318e-02 7.018535262643999656e-03 -2.428756676249876900e-02 7.018348832697486259e-03 7.228268213484680821e-03 7.228173503475605020e-03 -3.627118644067797160e-01 9.000000000000000222e-01
-2.405695061671092594e-02 7.018535262592619749e-03 -2.372238542313298559e-02 7.018348832648383176e-03 7.223387054545890758e-03 7.223290799882532871e-03 -3.711864406779661341e-01 9.000000000000000222e-01
-2.351213210754685146e-02 7.018535262592425460e-03 -2.318290988779359019e-02 7.018348832645416799e-03 7.218727924293459781e-03 7.218630173407378919e-03 -3.796610169491525522e-01 9.000000000000000222e-01
-2.299145431501468939e-02 7.018535262592265865e-03 -2.266742540939414852e-02 7.018348832643844272e-03 7.214276010682505597e-03 7.214176810002538229e-03 -3.881355932203389703e-01 9.000000000000000222e-01
-2.249334688196860318e-02 7.018535262594620752e-03 -2.217436643869230561e-02 7.018348832649726719e-03 7.210017790556105810e-03 7.209917184611476862e-03 -3.966101694915253884e-01 9.000000000000000222e-01
-2.201637283445656568e-02 7.018535262592391633e-03 -2.170230073696632900e-02 7.018348832646373499e-03 7.205940892586344335e-03 7.205838923849613997e-03 -4.050847457627119175e-01 9.000000000000000222e-01
-2.155921465953241842e-02 7.018535262592317039e-03 -2.124991549005728064e-02 7.018348832647624234e-03 7.202033976765517473e-03 7.201930686091659664e-03 -4.135593220338983356e-01 9.000000000000000222e-01
-2.112066218624975705e-02 7.018535262592257191e-03 -2.081600510697412254e-02 7.018348832645835735e-03 7.198286629514161206e-03 7.198182056012156736e-03 -4.220338983050847537e-01 9.000000000000000222e-01
-2.069960185513887094e-02 7.018535262592376887e-03 -2.039946049804974848e-02 7.018348832641547498e-03 7.194689270863207503e-03 7.194583451985916631e-03 -4.305084745762711718e-01 9.000000000000000222e-01
-2.029500724864438319e-02 7.018535262593082920e-03 -1.999925960731430141e-02 7.018348832648273888e-03 7.191233072574725743e-03 7.191126044300497240e-03 -4.389830508474575899e-01 9.000000000000000222e-01
-1.990593074744003224e-02 7.018535262592284947e-03 -1.961445904360226145e-02 7.018348832642867623e-03 7.187909885981037805e-03 7.187801682806508122e-03 -4.474576271186441190e-01 9.000000000000000222e-01
-1.953149608758810232e-02 7.018535262592313570e-03 -1.924418663818805442e-02 7.018348832648672875e-03 7.184712177648920964e-03 7.184602832704087977e-03 -4.559322033898305371e-01 9.000000000000000222e-01
-1.917089179352502587e-02 7.018535262592337856e-03 -1.888763487603350999e-02 7.018348832644688215e-03 7.181632972616759994e-03 7.181522517704228524e-03 -4.644067796610169552e-01 9.000000000000000222e-01
-1.882336528824932187e-02 7.018535262592280610e-03 -1.854405499939015822e-02 7.018348832639928134e-03 7.178665803509835797e-03 7.178554269162681911e-03 -4.728813559322033733e-01 9.000000000000000222e-01
-1.848821759172018450e-02 7.018535262592297957e-03 -1.821275171631331347e-02 7.018348832643751464e-03 7.175804664757720261e-03 7.175692080336255885e-03 -4.813559322033897914e-01 9.000000000000000222e-01
-1.816479874435728351e-02 7.018535262592193874e-03 -1.789307861981803693e-02 7.018348832648206234e-03 7.173043973060117331e-03 7.172930366790460956e-03 -4.898305084745763205e-01 9.000000000000000222e-01
-1.785250347498884560e-02 7.018535262593740380e-03 -1.758443385859431718e-02 7.018348832644478313e-03 7.170378529998089508e-03 7.170263929014271398e-03 -4.983050847457627386e-01 9.000000000000000222e-01
-1.755076747533934958e-02 7.018535262592433266e-03 -1.728625641240189026e-02 7.018348832646344876e-03 7.167803489855968657e-03 7.167687920266824393e-03 -5.067796610169491567e-01 9.000000000000000222e-01
-1.725906397962735650e-02 7.018535262592387296e-03 -1.699802268150440998e-02 7.018348832648328532e-03 7.165314330118395178e-03 7.165197817069668754e-03 -5.152542372881355748e-01 9.000000000000000222e-01
-1.697690069758745618e-02 7.018535262592270202e-03 -1.671924341237729372e-02 7.018348832642841602e-03 7.162906824996044704e-03 7.162789392665886920e-03 -5.237288135593219929e-01 9.000000000000000222e-01
-1.670381703523275002e-02 7.018535262592421990e-03 -1.644946093303256696e-02 7.018348832644318719e-03 7.160577021458551517e-03 7.160458693159019519e-03 -5.322033898305085220e-01 9.000000000000000222e-01
-1.643938158444472122e-02 7.018535262605262413e-03 -1.618824664046325523e-02 7.018348832656626582e-03 7.158321217590735835e-03 7.158202015773157748e-03 -5.406779661016949401e-01 9.000000000000000222e-01
-1.618318985181855379e-02 7.018535262592331785e-03 -1.593519873701065848e-02 7.018348832647421272e-03 7.156135942955214012e-03 7.156015889276807519e-03 -5.491525423728813582e-01 9.000000000000000222e-01
-1.593486217781186695e-02 7.018535262592340458e-03 -1.568994015247549001e-02 7.018348832644686480e-03 7.154017940775092739e-03 7.153897056117159738e-03 -5.576271186440677763e-01 9.000000000000000222e-01
-1.569404187271816395e-02 7.018535262592355203e-03 -1.545211667826684732e-02 7.018348832644589336e-03 7.151964151735363227e-03 7.151842456219562397e-03 -5.661016949152541944e-01 9.000000000000000222e-01
-1.546039350430011665e-02 7.018535262592334387e-03 -1.522139527090016209e-02 7.018348832646610289e-03 7.149971699295721780e-03 7.149849212360759841e-03 -5.745762711864407235e-01 9.000000000000000222e-01
-1.523360132827041025e-02 7.018535262593917322e-03 -1.499746247724120796e-02 7.018348832646634575e-03 7.148037876154167761e-03 7.147914616558333906e-03 -5.830508474576271416e-01 9.000000000000000222e-01
-1.501336787300954628e-02 7.018535262595381428e-03 -1.478002302461178807e-02 7.018348832648250470e-03 7.146160132048850512e-03 7.146036117902078433e-03 -5.915254237288135597e-01 9.000000000000000222e-01
-1.479941263247272487e-02 7.018535262592282345e-03 -1.456879852247350282e-02 7.018348832647697093e-03 7.144336062503236356e-03 7.144211311322487892e-03 -5.999999999999999778e-01 9.000000000000000222e-01
-7.790722128928949386e-02 2.964483245014866864e-03 -6.342587253521070334e-02 2.711038402901278128e-03 3.285558849217480246e-03 3.102429761441473539e-03 -1.000000000000000056e-01 1.000000000000000000e+00
-7.174922459642074646e-02 2.964483245015728154e-03 -5.834386982200318039e-02 2.711038402909127319e-03 3.259251517104169282e-03 3.071069499987937827e-03 -1.084745762711864514e-01 1.000000000000000000e+00
-6.649231455645659983e-02 2.964483245015235059e-03 -5.401584616872484590e-02 2.711038402897837304e-03 3.236924623963517537e-03 3.044361927977367894e-03 -1.169491525423728834e-01 1.000000000000000000e+00
-6.195238142138336651e-02 2.964483245015136614e-03 -5.028559570381796462e-02 2.711038402888654546e-03 3.217739039953949713e-03 3.021343122884496968e-03 -1.254237288135593431e-01 1.000000000000000000e+00
-5.799223304091551817e-02 2.964483245014869900e-03 -4.703727455148576375e-02 2.711038402906977562e-03 3.201075852540120371e-03 3.001298229896654131e-03 -1.338983050847457612e-01 1.000000000000000000e+00
-5.450755509810809030e-02 2.964483245014937988e-03 -4.418315547124229692e-02 2.711038402907831914e-03 3.186468616719561296e-03 2.983685897585781985e-03 -1.423728813559322071e-01 1.000000000000000000e+00
-5.141762512699347976e-02 2.964483245013039333e-03 -4.165558552364545530e-02 2.711038402898556781e-03 3.173559153913500276e-03 2.968088650017202193e-03 -1.508474576271186529e-01 1.000000000000000000e+00
-4.865900382630158200e-02 2.964483245014993499e-03 -3.940155488855107135e-02 2.711038402904931890e-03 3.162067878013473301e-03 2.954179371724395108e-03 -1.593220338983050988e-01 1.000000000000000000e+00
-4.618114695155144805e-02 2.964483245015108424e-03 -3.737893844251805042e-02 2.711038402886082384e-03 3.151773369614087241e-03 2.941698114972733560e-03 -1.677966101694915446e-01 1.000000000000000000e+00
-4.394328894893576032e-02 2.964483245021206411e-03 -3.555383842859377586e-02 2.711038402912264132e-03 3.142498003419199465e-03 2.930435701956422140e-03 -1.762711864406779627e-01 1.000000000000000000e+00
-4.191218827306161104e-02 2.964483245015159165e-03 -3.389866938357133375e-02 2.711038402897322092e-03 3.134097634876130585e-03 2.920221906922120057e-03 -1.847457627118644086e-01 1.000000000000000000e+00
-4.006046879052320431e-02 2.964483245016789805e-03 -3.239075417277259561e-02 2.711038402908436031e-03 3.126454069363988376e-03 2.910916792799820955e-03 -1.932203389830508544e-01 1.000000000000000000e+00
-3.836538125898163870e-02 2.964483245014951866e-03 -3.101127881718390711e-02 2.711038402899372101e-03 3.119469475906334454e-03 2.902404261360243699e-03 -2.016949152542373003e-01 1.000000000000000000e+00
-3.680786579266081410e-02 2.964483245015378174e-03 -2.974450345286233643e-02 2.711038402898013813e-03 3.113062183974490797e-03 2.894587184336510580e-03 -2.101694915254237461e-01 1.000000000000000000e+00
-3.537183335043771193e-02 2.964483245015085006e-03 -2.857715909974478663e-02 2.711038402898708136e-03 3.107163479857541315e-03 2.887383680877549097e-03 -2.186440677966101642e-01 1.000000000000000000e+00
-3.404360879466715450e-02 2.964483245014937988e-03 -2.749798112695195362e-02 2.711038402897287831e-03 3.101715135878199432e-03 2.880724238664375894e-03 -2.271186440677966101e-01 1.000000000000000000e+00
-3.281149468067019737e-02 2.964483245015533865e-03 -2.649734455507213315e-02 2.711038402901237796e-03 3.096667484089572677e-03 2.874549463428740376e-03 -2.355932203389830559e-01 1.000000000000000000e+00
-3.166542629914421286e-02 2.964483245015289269e-03 -2.556697619564846091e-02 2.711038402903771360e-03 3.091977899456191479e-03 2.868808302583444880e-03 -2.440677966101695018e-01 1.000000000000000000e+00
-3.059669648893782040e-02 2.964483245014912401e-03 -2.469972540936848926e-02 2.711038402904198535e-03 3.087609594496436728e-03 2.863456630626311054e-03 -2.525423728813559476e-01 1.000000000000000000e+00
-2.959773427217815903e-02 2.964483245013688553e-03 -2.388937993039541574e-02 2.711038402902413505e-03 3.083530653251097438e-03 2.858456112614624761e-03 -2.610169491525423657e-01 1.000000000000000000e+00
-2.866192542478456645e-02 2.964483245014946228e-03 -2.313051685223843634e-02 2.711038402896396617e-03 3.079713250877509287e-03 2.853773284620114790e-03 -2.694915254237287838e-01 1.000000000000000000e+00
-2.778346599649113985e-02 2.964483245014929314e-03 -2.241838108812238550e-02 2.711038402907774234e-03 3.076133018569891277e-03 2.849378803751039749e-03 -2.779661016949152574e-01 1.000000000000000000e+00
-2.695724196633841191e-02 2.964483245015652694e-03 -2.174878567193311296e-02 2.711038402907143229e-03 3.072768523298125345e-03 2.845246832850432776e-03 -2.864406779661017310e-01 1.000000000000000000e+00
-2.617872967685491367e-02 2.964483245014875971e-03 -2.111802935024797989e-02 2.711038402905633152e-03 3.069600838609687788e-03 2.841354532060960756e-03 -2.949152542372881491e-01 1.000000000000000000e+00
-2.544391306075903872e-02 2.964483245012876703e-03 -2.052282813612660295e-02 2.711038402906792381e-03 3.066613188704239885e-03 2.837681636404733049e-03 -3.033898305084745672e-01 1.000000000000000000e+00
-2.474921440898404310e-02 2.964483245014767985e-03 -1.996025813456903109e-02 2.711038402898002971e-03 3.063790651454409777e-03 2.834210102960429446e-03 -3.118644067796609853e-01 1.000000000000000000e+00
-2.409143614850293297e-02 2.964483245017007079e-03 -1.942770748231748001e-02 2.711038402904325604e-03 3.061119909261703423e-03 2.830923814344011441e-03 -3.203389830508474589e-01 1.000000000000000000e+00
-2.346771167369003999e-02 2.964483245014521220e-03 -1.892283582804260567e-02 2.711038402899973183e-03 3.058589039069199711e-03 2.827808328580716686e-03 -3.288135593220339326e-01 1.000000000000000000e+00
-2.287546360846169635e-02 2.964483245012905326e-03 -1.844353993095720901e-02 2.711038402901905665e-03 3.056187334511245666e-03 2.824850666909183537e-03 -3.372881355932203506e-01 1.000000000000000000e+00
-2.231236823966498833e-02 2.964483245014852553e-03 -1.798792437425017487e-02 2.711038402902701469e-03 3.053905154605534526e-03 2.822039132995133714e-03 -3.457627118644067687e-01 1.000000000000000000e+00
-2.177632504764427657e-02 2.964483245014898089e-03 -1.755427652337737676e-02 2.711038402897832968e-03 3.051733794424241284e-03 2.819363158428199023e-03 -3.542372881355931868e-01 1.000000000000000000e+00
-2.126543056156548345e-02 2.964483245014833471e-03 -1.714104501430563365e-02 2.711038402904862067e-03 3.049665374253397385e-03 2.816813169995771842e-03 -3.627118644067797160e-01 1.000000000000000000e+00
-2.077795576229013105e-02 2.964483245013294771e-03 -1.674682116005149490e-02 2.711038402898039833e-03 3.047692743999390157e-03 2.814380474880166013e-03 -3.711864406779661341e-01 1.000000000000000000e+00
-2.031232656994811855e-02 2.964483245015177380e-03 -1.637032301423962943e-02 2.711038402900011347e-03 3.045809400759685436e-03 2.812057162409075956e-03 -3.796610169491525522e-01 1.000000000000000000e+00
-1.986710685735449886e-02 2.964483245012606086e-03 -1.601038133626880855e-02 2.711038402899276258e-03 3.044009417153516021e-03 2.809836017366021833e-03 -3.881355932203389703e-01 1.000000000000000000e+00
-1.944098366092760280e-02 2.964483245013573194e-03 -1.566592752065210092e-02 2.711038402905670015e-03 3.042287379033617283e-03 2.807710445559771523e-03 -3.966101694915253884e-01 1.000000000000000000e+00
-1.903275426569639439e-02 2.964483245015860427e-03 -1.533598298564664564e-02 2.711038402898618797e-03 3.040638331163077884e-03 2.805674408291583023e-03 -4.050847457627119175e-01 1.000000000000000000e+00
-1.864131486698887563e-02 2.964483245012974281e-03 -1.501964988476089946e-02 2.711038402899446694e-03 3.039057729583734095e-03 2.803722365109557416e-03 -4.135593220338983356e-01 1.000000000000000000e+00
-1.826565060292506190e-02 2.964483245012517615e-03 -1.471610295928055256e-02 2.711038402904803087e-03 3.037541399788716394e-03 2.801849223464728846e-03 -4.220338983050847537e-01 1.000000000000000000e+00
-1.790482678288278853e-02 2.964483245014938855e-03 -1.442458234352983482e-02 2.711038402893823154e-03 3.036085499972502200e-03 2.800050294321542073e-03 -4.305084745762711718e-01 1.000000000000000000e+00
-1.755798112521139709e-02 2.964483245014582369e-03 -1.414438720403821126e-02 2.711038402902796445e-03 3.034686488519373806e-03 2.798321252980033504e-03 -4.389830508474575899e-01 1.000000000000000000e+00
-1.722431686914232402e-02 2.964483245016205203e-03 -1.387487014019250786e-02 2.711038402884624783e-03 3.033341095227047764e-03 2.796658104382894732e-03 -4.474576271186441190e-01 1.000000000000000000e+00
-1.690309667868532956e-02 2.964483245014699030e-03 -1.361543214850713390e-02 2.711038402903511585e-03 3.032046295828259071e-03 2.795057152235802620e-03 -4.559322033898305371e-01 1.000000000000000000e+00
-1.659363719606118601e-02 2.964483245014964876e-03 -1.336551822919335164e-02 2.711038402908418684e-03 3.030799289269951995e-03 2.793514971668513858e-03 -4.644067796610169552e-01 1.000000000000000000e+00
-1.629530419744887673e-02 2.964483245013002904e-03 -1.312461338806986122e-02 2.711038402900072929e-03 3.029597477520512474e-03 2.792028384731564533e-03 -4.728813559322033733e-01 1.000000000000000000e+00
-1.600750825103657710e-02 2.964483245014858191e-03 -1.289223909509534804e-02 2.711038402899372101e-03 3.028438447470940126e-03 2.790594438510152642e-03 -4.813559322033897914e-01 1.000000000000000000e+00
-1.572970083526293444e-02 2.964483245019730595e-03 -1.266795012719579283e-02 2.711038402914538788e-03 3.027319954819361267e-03 2.789210385608395775e-03 -4.898305084745763205e-01 1.000000000000000000e+00
-1.546137085328424567e-02 2.964483245015173477e-03 -1.245133172069562422e-02 2.711038402905352994e-03 3.026239909527573494e-03 2.787873666544702853e-03 -4.983050847457627386e-01 1.000000000000000000e+00
-1.520204148030727433e-02 2.964483245012911397e-03 -1.224199699439165734e-02 2.711038402901488897e-03 3.025196362783490276e-03 2.786581893962200920e-03 -5.067796610169491567e-01 1.000000000000000000e+00
-1.495126735527287434e-02 2.964483245016922078e-03 -1.203958465321874893e-02 2.711038402908318504e-03 3.024187495313448472e-03 2.785332838369986019e-03 -5.152542372881355748e-01 1.000000000000000000e+00
-1.470863202321479393e-02 2.964483245012834202e-03 -1.184375691963795996e-02 2.711038402900351352e-03 3.023211606757764732e-03 2.784124415369858101e-03 -5.237288135593219929e-01 1.000000000000000000e+00
-1.447374561774119814e-02 2.964483245012643816e-03 -1.165419762771763290e-02 2.711038402906623245e-03 3.022267106119957362e-03 2.782954673978501291e-03 -5.322033898305085220e-01 1.000000000000000000e+00
-1.424624283036888400e-02 2.964483245014800511e-03 -1.147061058168530323e-02 2.711038402897779625e-03 3.021352503306639573e-03 2.781821786387856169e-03 -5.406779661016949401e-01 1.000000000000000000e+00
-1.402578078412522120e-02 2.964483245014699030e-03 -1.129271780663704261e-02 2.711038402899844380e-03 3.020466400364723442e-03 2.780724037283480599e-03 -5.491525423728813582e-01 1.000000000000000000e+00
-1.381203776118844311e-02 2.964483245015000872e-03 -1.112025852713394158e-02 2.711038402900697430e-03 3.019607486182249081e-03 2.779659817447864469e-03 -5.576271186440677763e-01 1.000000000000000000e+00
-1.360471118255364778e-02 2.964483245014444025e-03 -1.095298751355194833e-02 2.711038402897078797e-03 3.018774528181941436e-03 2.778627613603232988e-03 -5.661016949152541944e-01 1.000000000000000000e+00
-1.340351640953572031e-02 2.964483245015053781e-03 -1.079067411166867441e-02 2.711038402899782363e-03 3.017966367340842605e-03 2.777626002428458529e-03 -5.745762711864407235e-01 1.000000000000000000e+00
-1.320818539128116448e-02 2.964483245012731420e-03 -1.063310113635318466e-02 2.711038402908532742e-03 3.017181912627513347e-03 2.776653643707051658e-03 -5.830508474576271416e-01 1.000000000000000000e+00
-1.301846547880243683e-02 2.964483245014511246e-03 -1.048006390989825176e-02 2.711038402908403939e-03 3.016420136086327662e-03 2.775709274389238229e-03 -5.915254237288135597e-01 1.000000000000000000e+00
-1.283411832676099526e-02 2.964483245015136180e-03 -1.033136936953243934e-02 2.711038402896376234e-03 3.015680068345674356e-03 2.774791703111159549e-03 -5.999999999999999778e-01 1.000000000000000000e+00
