1.000000000000000056e-01
1.090909090909090995e-01
1.181818181818181934e-01
1.272727272727272874e-01
1.363636363636363535e-01
1.454545454545454475e-01
1.545454545454545414e-01
1.636363636363636354e-01
1.727272727272727293e-01
1.818181818181818232e-01
1.909090909090909172e-01
2.000000000000000111e-01
2.090909090909090773e-01
2.181818181818181990e-01
2.272727272727272652e-01
2.363636363636363869e-01
2.454545454545454530e-01
2.545454545454545192e-01
2.636363636363636687e-01
2.727272727272727071e-01
2.818181818181818565e-01
2.909090909090908950e-01
2.999999999999999889e-01
3.090909090909090828e-01
3.181818181818181768e-01
3.272727272727272707e-01
3.363636363636363646e-01
3.454545454545454586e-01
3.545454545454544970e-01
3.636363636363636465e-01
3.727272727272726294e-01
3.818181818181818343e-01
3.909090909090908172e-01
4.000000000000000222e-01
4.090909090909090051e-01
4.181818181818181546e-01
4.272727272727272485e-01
4.363636363636363980e-01
4.454545454545453809e-01
4.545454545454545303e-01
4.636363636363636243e-01
4.727272727272726627e-01
4.818181818181818676e-01
4.909090909090908506e-01
5.000000000000000000e-01
5.090909090909090384e-01
5.181818181818181879e-01
5.272727272727272263e-01
5.363636363636363757e-01
5.454545454545454142e-01
5.545454545454545636e-01
5.636363636363636020e-01
5.727272727272727515e-01
5.818181818181817899e-01
5.909090909090909394e-01
5.999999999999999778e-01
6.090909090909090162e-01
6.181818181818181657e-01
6.272727272727272041e-01
6.363636363636363535e-01
6.454545454545453920e-01
6.545454545454545414e-01
6.636363636363635798e-01
6.727272727272727293e-01
6.818181818181817677e-01
6.909090909090908061e-01
6.999999999999999556e-01
7.090909090909089940e-01
7.181818181818181435e-01
7.272727272727271819e-01
7.363636363636363313e-01
7.454545454545452587e-01
7.545454545454545192e-01
7.636363636363635576e-01
7.727272727272727071e-01
7.818181818181816345e-01
7.909090909090910060e-01
8.000000000000000444e-01
8.090909090909090828e-01
8.181818181818180102e-01
8.272727272727272707e-01
8.363636363636363091e-01
8.454545454545453476e-01
8.545454545454544970e-01
8.636363636363635354e-01
8.727272727272725739e-01
8.818181818181816123e-01
8.909090909090907617e-01
8.999999999999998002e-01
9.090909090909090606e-01
9.181818181818180991e-01
9.272727272727272485e-01
9.363636363636362869e-01
9.454545454545455474e-01
9.545454545454544748e-01
9.636363636363637353e-01
9.727272727272727737e-01
9.818181818181817011e-01
9.909090909090908506e-01
1.000000000000000000e+00
1.913272743121702257e+00
1.593978900888015415e+00
1.346538437864575943e+00
1.151048957776275250e+00
9.940124208279023099e-01
8.660431094126965768e-01
7.604415304650500307e-01
6.723300078128233714e-01
5.980890081702047167e-01
5.349829941583138515e-01
4.809124600332138066e-01
4.342561787190382105e-01
3.937312299973854124e-01
3.583243540000651817e-01
3.272209145702634769e-01
2.997601450757290675e-01
2.754043847383932930e-01
2.537100984872184273e-01
2.343097161819891194e-01
2.168968678078384560e-01
2.012142969533993464e-01
1.870443642553957786e-01
1.742026411945704623e-01
1.625318350623109753e-01
1.518968971857183048e-01
1.421816374999963495e-01
1.332856240203912079e-01
1.251213420967799694e-01
1.176128913359894140e-01
1.106936898177718065e-01
1.043053310257243127e-01
9.839650671251098935e-02
9.292167338809803612e-02
8.784080606129510138e-02
8.311792691967365143e-02
7.872145176705927505e-02
7.462289933618757032e-02
7.079686249353482619e-02
6.722056028799137939e-02
6.387350692747169323e-02
6.073721994124510470e-02
5.779507974940890913e-02
5.503196853130556954e-02
5.243424762976472281e-02
4.998951848435513601e-02
4.768650311696605304e-02
4.551492589728958066e-02
4.346541558066962380e-02
4.152940835999762575e-02
3.969906179744212699e-02
3.796719535789064986e-02
3.632721375075029929e-02
3.477306486058320822e-02
3.329913846375356923e-02
3.190033020756385951e-02
3.057188795857523900e-02
2.930942777897421747e-02
2.810890406884032980e-02
2.696656452961831291e-02
2.587894249867122784e-02
2.484281362324523845e-02
2.385518555605386712e-02
2.291325943284851924e-02
2.201447629550970161e-02
2.115641182552347246e-02
2.033682468567478419e-02
1.955361989709039974e-02
1.880484653192762007e-02
1.808868032906312331e-02
1.740341586286260622e-02
1.674745945412827938e-02
1.611932225080630471e-02
1.551760859645840221e-02
1.494101351133391396e-02
1.438831502463179014e-02
1.385837098484651170e-02
1.335011003650028900e-02
1.286253217174646024e-02
1.239470194164630189e-02
1.194574697944356632e-02
1.151485494676584426e-02
1.110127058178909248e-02
1.070429502584962014e-02
1.032328517059406987e-02
9.957653836420388149e-03
9.606868662101889986e-03
9.270457666821513981e-03
8.948010048179799725e-03
8.639183061773263519e-03
8.343708823572800262e-03
8.061408094899897778e-03
7.792204699187499188e-03
7.536151108447844069e-03
7.293462082878076486e-03
7.064565310663682360e-03
6.850176795323629358e-03
6.651415906505789635e-03
6.469986750487252691e-03
6.308474468041491527e-03
6.170849217603066594e-03
